1,600000,2.1803,72.8977,75.0779,3270810
1,550000,2.1258,67.4516,69.5775,3973480
1,400000,1.9187,48.4485,50.3672,6431669
1,500000,2.0686,61.7263,63.7949,4712782
1,450000,1.9996,55.3861,57.3857,5532794
2,400000,2.6173,47.7504,50.3677,6337064
3,400000,2.6173,51.1758,53.7931,4159569
2,450000,2.6496,54.7354,57.3851,5444064
3,450000,2.6496,57.5499,60.1995,3542282
2,500000,2.6801,61.1167,63.7968,4628678
3,500000,2.6801,63.8250,66.5051,2827698
2,550000,2.7133,66.8636,69.5769,3892404
3,550000,2.7133,69.7255,72.4388,2209588
2,600000,2.7437,72.3289,75.0726,3192609
3,600000,2.7437,75.1298,77.8735,1708719
