1,100000,20.3861,44.5020,64.8881,11340137
1,20000,7.6938,26.8702,34.5640,13187585
1,80000,17.8852,41.2976,59.1828,11708829
1,60000,15.2184,27.6677,42.8860,12099511
1,40000,12.2910,26.1224,38.4133,12523111
2,20000,7.7043,26.8497,34.5541,13185129
3,20000,7.7043,33.4539,41.1583,4763702
2,40000,12.3778,26.0202,38.3980,12509778
3,40000,12.3778,40.1239,52.5017,6215659
2,60000,15.3548,27.5084,42.8632,12078606
3,60000,15.3548,50.7136,66.0684,7356191
2,80000,18.0616,41.1056,59.1672,11682214
3,80000,18.0616,55.8049,73.8664,7883317
2,100000,20.5892,44.2592,64.8484,11308553
3,100000,20.5892,56.0876,76.6768,7758433
