1,3000000,6.6742,9.8817,16.5558,26330028
1,4000000,6.8825,10.0636,16.9461,26245575
1,5000000,7.0701,10.5056,17.5757,26175445
1,2000000,6.1388,9.5890,15.7278,26516489
1,1000000,5.1083,8.5932,13.7015,26840476
3,1000000,5.3186,16.0156,21.3342,2759737
2,1000000,5.3186,8.3826,13.7012,26780181
2,2000000,6.2549,9.4722,15.7271,26482680
3,2000000,6.2549,18.6415,24.8964,3578872
2,3000000,6.7395,9.8160,16.5556,26310386
3,3000000,6.7395,21.3339,28.0735,4563494
2,4000000,6.9344,10.0098,16.9442,26230187
3,4000000,6.9344,24.5218,31.4562,5515335
2,5000000,7.1348,10.4396,17.5745,26155568
3,5000000,7.1348,26.5874,33.7223,6506185
