1,200000,12.1078,24.0214,36.1292,34069550
1,400000,15.4761,22.4268,37.9029,32633599
1,600000,16.9121,22.3132,39.2253,32001795
1,1000000,18.5431,25.1664,43.7096,31243962
1,800000,17.8538,22.1692,40.0230,31580291
2,200000,12.1799,23.9488,36.1288,34035100
3,200000,12.1799,30.3261,42.5061,10913864
2,400000,15.5442,22.3584,37.9026,32596434
3,400000,15.5442,33.3047,48.8488,12038918
2,600000,16.9914,22.2443,39.2357,31961190
3,600000,16.9914,38.1799,55.1713,13869162
2,800000,17.9576,22.0635,40.0212,31529001
3,800000,17.9576,44.7747,62.7323,16506875
3,1000000,18.6298,47.3009,65.9308,17520040
2,1000000,18.6298,25.0845,43.7143,31196744
