1,1000000,4.5270,9.4672,13.9942,20500086
1,4000000,6.0741,19.0391,25.1132,18836294
1,3000000,5.8326,14.7081,20.5407,19437982
1,2000000,5.3640,10.7952,16.1593,20101114
1,5000000,6.3096,22.6019,28.9115,18336133
2,1000000,4.8468,9.1525,13.9992,20429025
3,1000000,4.8468,15.2050,20.0518,2517080
3,2000000,5.6024,19.7161,25.3185,4262670
2,2000000,5.6024,10.5646,16.1670,20042615
3,3000000,5.9953,23.3954,29.3907,7207807
2,3000000,5.9953,14.5430,20.5383,19394717
2,4000000,6.1858,18.9199,25.1057,18806530
3,4000000,6.1858,28.1972,34.3830,9497932
3,5000000,6.4039,35.7538,42.1577,9283710
2,5000000,6.4039,22.4788,28.8827,18310715
