1,100000,28.7032,36.2128,64.9160,10157924
1,80000,26.3580,32.8516,59.2096,10502718
2,100000,28.7111,36.2013,64.9124,10156408
3,100000,28.7111,48.1232,76.8342,6552561
1,40000,17.8852,20.5312,38.4164,11724384
2,20000,12.2940,22.2731,34.5671,12530810
1,60000,22.6735,20.2293,42.9028,11036232
1,20000,12.2910,22.2767,34.5677,12531254
2,80000,26.3685,32.8398,59.2083,10500977
2,40000,17.8905,20.5252,38.4156,11723530
3,80000,26.3685,47.6837,74.0523,6664747
2,60000,22.6817,20.2189,42.9006,11034691
3,60000,22.6817,43.4535,66.1352,6252160
3,20000,12.2940,28.9951,41.2891,4054783
3,40000,17.8905,34.6202,52.5106,5384944
