1,30000,25.4711,39.0831,64.5543,4375958
1,25000,24.4228,34.7924,59.2152,4451706
1,20000,22.8274,24.2013,47.0286,4551695
1,35000,26.0933,41.5247,67.6180,4317014
1,15000,19.7938,25.8009,45.5947,4737947
2,25000,24.4097,34.7969,59.2065,4450570
2,20000,22.8274,24.1922,47.0196,4550542
2,15000,19.7953,25.7901,45.5854,4736806
2,30000,25.4452,39.1003,64.5455,4374791
2,35000,26.0844,41.5259,67.6103,4315723
3,25000,24.4097,40.0232,64.4329,2478700
3,20000,22.8274,35.3305,58.1579,2436141
3,35000,26.0844,42.1615,68.2459,2490249
3,30000,25.4452,41.6368,67.0820,2508039
3,15000,19.7953,32.1839,51.9792,2438597
