1,400000,14.7059,29.3651,44.0710,34699660
1,200000,11.5725,29.3840,40.9565,36072874
1,600000,16.2225,29.0056,45.2281,34031327
1,800000,17.2378,28.7981,46.0358,33589290
1,1000000,17.8627,30.1157,47.9784,33303470
2,200000,11.6200,29.3365,40.9565,36050862
3,200000,11.6200,36.3069,47.9269,14319060
2,400000,14.7603,29.3109,44.0713,34673714
3,400000,14.7603,37.8661,52.6264,15009587
2,600000,16.2868,28.9402,45.2271,34001759
3,600000,16.2868,40.7659,57.0527,16282924
2,800000,17.3136,28.7234,46.0370,33554643
3,800000,17.3136,49.6885,67.0022,20185407
2,1000000,17.9422,30.0345,47.9767,33267769
3,1000000,17.9422,52.2680,70.2102,21320523
