2,1600000,0.1664,55.3512,55.5176,7675420
2,1200000,0.1264,43.3069,43.4333,9760568
1,1000000,0.0959,35.7281,35.8240,11075600
1,1600000,0.1554,55.3624,55.5177,7677450
2,800000,0.0873,26.5711,26.6585,12655086
2,1000000,0.1069,35.7171,35.8241,11073558
1,1400000,0.1362,49.7878,49.9240,8642658
1,1200000,0.1155,43.3178,43.4333,9762610
1,800000,0.0764,26.5821,26.6584,12657118
2,1400000,0.1473,49.7767,49.9239,8640610
3,1600000,0.1664,60.4985,60.6649,3954155
3,1400000,0.1473,56.5339,56.6812,4026458
3,1200000,0.1264,51.9587,52.0851,3977787
3,1000000,0.1069,46.6943,46.8012,3744833
3,800000,0.0873,40.4799,40.5672,3321518
